,Year,Ice Extent
0,1978,12.976838235294117
1,1979,12.0193489010989
2,1980,11.785218579234973
3,1981,11.776147540983606
4,1982,12.048755494505496
5,1983,11.852904371584698
6,1984,11.681139344262293
7,1985,11.810214285714284
8,1986,11.639773224043717
9,1987,12.149411363636364
10,1988,11.889179378531074
11,1989,11.69626712328767
12,1990,11.551717808219179
13,1991,11.647065753424657
14,1992,11.754549180327869
15,1993,11.67149589041096
16,1994,11.892643835616438
17,1995,11.60493287671233
18,1996,11.804957650273224
19,1997,11.528832876712329
20,1998,11.747876712328768
21,1999,11.72607397260274
22,2000,11.627700819672132
23,2001,11.636320547945205
24,2002,11.29223698630137
25,2003,11.683254794520547
26,2004,11.600965846994535
27,2005,11.300927397260274
28,2006,11.11676301369863
29,2007,11.080601369863013
30,2008,11.608627049180328
31,2009,11.490280821917809
32,2010,11.40909178082192
33,2011,10.992034246575344
34,2012,11.20526775956284
35,2013,11.710360273972602
36,2014,11.78331095890411
37,2015,11.489958904109589
38,2016,10.682796448087432
39,2017,10.570813698630138
40,2018,10.632312328767123
41,2019,9.243645695364238
